who
sl
ls
cowsay hello
cowsay -f elephant hello
cowsay -f dragon hello
cowsay -l
man sl
man cowsay
man wget
vim weitao.c
ls
weitao.c
make weitao
ls
./weitao 
vim weitao.c
ls
vim wangwanlin.c
ls
rm -f weitao
ls
rm -f *
ls\
ls
man ps
pa -ef
ps -ef
ps
df -h
w
vim  weitao.c
weitao.c
make weitao.c
make weitao
./weitao
.\weitao
la
lsls
ls
make weitao.c
make weitao
vim weitao.c
make weitao
vim weitao.c
make weitao
vim weitao.c
make weitao
./weitao 
links https://en.wikipedia.org/wiki/python
vim weitao.c
make weitao
./weitao
ls
vim 20151019.txt 
vim diyiti.c
make diyiti
vim diyiti.c
make diyiti.c
./ diyiti
make diyiti
vim diyiti
vim diyiti.c
make diyiti
vim diyiti.c
make diyiti
ls
vim diyiti.c
make diyiti
./diyiti 
vim diyiti.c
make diyiti
./diyiti 
vim diyiti.c
make diyiti
./diyiti 
ls
vim 20151019.txt 
ls
vim sort.cpp
make sort
./sort
vim sort.cpp
make sort
./sort 
vim sort.cpp
make sort
./sort
vim sort.cpp\
make sort
./sort
vim sort.cpp\
make sort
vim sort.cpp\
make sort
./sort
vim sort.cpp\
make sort
./sort 
vim sort.cpp\
vim sort.cpp
[3,1,4,5,7,6,5,3,2,1,]
[3,4,1,5,7,6,5,3,2,1,]
[3,4,5,1,7,6,5,3,2,1,]
[3,4,5,7,1,6,5,3,2,1,]
[3,4,5,7,6,1,5,3,2,1,]
[3,4,5,7,6,5,1,3,2,1,]
[3,4,5,7,6,5,3,1,2,1,]
[3,4,5,7,6,5,3,2,1,1,]
[4,3,5,7,6,5,3,2,1,1,]
[4,5,3,7,6,5,3,2,1,1,]
[4,5,7,3,6,5,3,2,1,1,]
[4,5,7,6,3,5,3,2,1,1,]
[4,5,7,6,5,3,3,2,1,1,]
[5,4,7,6,5,3,3,2,1,1,]
[5,7,4,6,5,3,3,2,1,1,]
[5,7,6,4,5,3,3,2,1,1,]
[5,7,6,5,4,3,3,2,1,1,]
[7,5,6,5,4,3,3,2,1,1,]
[7,6,5,5,4,3,3,2,1,1,]
[3,1,4,5,7,6,5,3,2,1,]
[3,4,1,5,7,6,5,3,2,1,]
[3,4,5,1,7,6,5,3,2,1,]
[3,4,5,7,1,6,5,3,2,1,]
[3,4,5,7,6,1,5,3,2,1,]
[3,4,5,7,6,5,1,3,2,1,]
[3,4,5,7,6,5,3,1,2,1,]
[3,4,5,7,6,5,3,2,1,1,]
[4,3,5,7,6,5,3,2,1,1,]
[4,5,3,7,6,5,3,2,1,1,]
[4,5,7,3,6,5,3,2,1,1,]
[4,5,7,6,3,5,3,2,1,1,]
[4,5,7,6,5,3,3,2,1,1,]
[5,4,7,6,5,3,3,2,1,1,]
[5,7,4,6,5,3,3,2,1,1,]
[5,7,6,4,5,3,3,2,1,1,]
[5,7,6,5,4,3,3,2,1,1,]
[7,5,6,5,4,3,3,2,1,1,]
[7,6,5,5,4,3,3,2,1,1,]
[3,1,4,5,7,6,5,3,2,1,]
[3,4,1,5,7,6,5,3,2,1,]
[3,4,5,1,7,6,5,3,2,1,]
[3,4,5,7,1,6,5,3,2,1,]
[3,4,5,7,6,1,5,3,2,1,]
[3,4,5,7,6,5,1,3,2,1,]
[3,4,5,7,6,5,3,1,2,1,]
[3,4,5,7,6,5,3,2,1,1,]
[4,3,5,7,6,5,3,2,1,1,]
[4,5,3,7,6,5,3,2,1,1,]
[4,5,7,3,6,5,3,2,1,1,]
[4,5,7,6,3,5,3,2,1,1,]
[4,5,7,6,5,3,3,2,1,1,]
[5,4,7,6,5,3,3,2,1,1,]
[5,7,4,6,5,3,3,2,1,1,]
[5,7,6,4,5,3,3,2,1,1,]
[5,7,6,5,4,3,3,2,1,1,]
[7,5,6,5,4,3,3,2,1,1,]
[7,6,5,5,4,3,3,2,1,1,]
[3,1,4,5,7,6,5,3,2,1,]
[3,4,1,5,7,6,5,3,2,1,]
[3,4,5,1,7,6,5,3,2,1,]
[3,4,5,7,1,6,5,3,2,1,]
[3,4,5,7,6,1,5,3,2,1,]
[3,4,5,7,6,5,1,3,2,1,]
[3,4,5,7,6,5,3,1,2,1,]
[3,4,5,7,6,5,3,2,1,1,]
[4,3,5,7,6,5,3,2,1,1,]
[4,5,3,7,6,5,3,2,1,1,]
[4,5,7,3,6,5,3,2,1,1,]
[4,5,7,6,3,5,3,2,1,1,]
[4,5,7,6,5,3,3,2,1,1,]
[5,4,7,6,5,3,3,2,1,1,]
[5,7,4,6,5,3,3,2,1,1,]
[5,7,6,4,5,3,3,2,1,1,]
[5,7,6,5,4,3,3,2,1,1,]
[7,5,6,5,4,3,3,2,1,1,]
[7,6,5,5,4,3,3,2,1,1,]
[3,1,4,5,7,6,5,3,2,1,]
[3,4,1,5,7,6,5,3,2,1,]
[3,4,5,1,7,6,5,3,2,1,]
[3,4,5,7,1,6,5,3,2,1,]
[3,4,5,7,6,1,5,3,2,1,]
[3,4,5,7,6,5,1,3,2,1,]
[3,4,5,7,6,5,3,1,2,1,]
[3,4,5,7,6,5,3,2,1,1,]
[4,3,5,7,6,5,3,2,1,1,]
[4,5,3,7,6,5,3,2,1,1,]
[4,5,7,3,6,5,3,2,1,1,]
[4,5,7,6,3,5,3,2,1,1,]
[4,5,7,6,5,3,3,2,1,1,]
[5,4,7,6,5,3,3,2,1,1,]
[5,7,4,6,5,3,3,2,1,1,]
[5,7,6,4,5,3,3,2,1,1,]
[5,7,6,5,4,3,3,2,1,1,]
[7,5,6,5,4,3,3,2,1,1,]
[7,6,5,5,4,3,3,2,1,1,]
ls
sl
vim 20151019.txt 
vim sort
vim diyiti.c
ls
sl
vim  6
ls
vim weitao.x
vim weitao.c
rm -f weitao*
ls
rm -f 201510
rm -f 201510*
rm -f *
ls
vim 润年。c
ls
vim 闰年.c
ls
make 闰年
vim 闰年.c
make 闰年.c 
make 闰年
mv 闰年.c runnian.c
make runnian
make runnia
vim runnian.c 
make runnian
rm -f runnian.c 
ls
